Chr,Start,Stop,Region,Coverage,CoverageRead1,CoverageRead2,GeneIDs
chr1,43814944,43815111,CHP2_MPL_1.1,870,463,407,MPL
chr1,115252161,115252294,CHP2_NRAS_3.1,2960,1484,1476,NRAS
chr1,115256480,115256609,CHP2_NRAS_2.1,1991,1001,990,NRAS
chr1,115258665,115258799,CHP2_NRAS_1.1,2906,1464,1442,NRAS
chr2,29432548,29432705,CHP2_ALK_2.1,537,267,270,ALK
chr2,29443583,29443754,CHP2_ALK_1.1,1065,537,528,ALK
chr2,209113079,209113231,CHP2_IDH1_1.1,3225,1616,1609,IDH1
chr2,212288880,212289015,CHP2_ERBB4_8.1,2722,1365,1357,ERBB4
chr2,212530027,212530205,CHP2_ERBB4_7.1,580,288,292,ERBB4
chr2,212576775,212576935,CHP2_ERBB4_6.1,5703,2874,2829,ERBB4
chr2,212578264,212578440,CHP2_ERBB4_5.1,3715,1892,1823,ERBB4
chr2,212587109,212587264,CHP2_ERBB4_4.1,2375,1200,1175,ERBB4
chr2,212589740,212589892,CHP2_ERBB4_3.1,497,247,250,ERBB4
chr2,212652695,212652831,CHP2_ERBB4_2.1,3504,1766,1738,ERBB4
chr2,212812051,212812194,CHP2_ERBB4_1.1,2930,1470,1460,ERBB4
chr3,10183741,10183879,CHP2_VHL_1.1,395,204,191,VHL
chr3,10188162,10188331,CHP2_VHL_2.1,2332,1178,1154,VHL
chr3,10191394,10191552,CHP2_VHL_3.1,3234,1627,1607,VHL
chr3,37067183,37067358,CHP2_MLH1_1.1,3943,1985,1958,MLH1
chr3,41266005,41266172,CHP2_CTNNB1_1.1,1082,551,531,CTNNB1
chr3,178916751,178916906,CHP2_PIK3CA_1.1,2771,1389,1382,PIK3CA
chr3,178916907,178917060,CHP2_PIK3CA_2.1,1591,797,794,PIK3CA
chr3,178921440,178921595,CHP2_PIK3CA_3.1,3108,1559,1549,PIK3CA
chr3,178927381,178927550,CHP2_PIK3CA_4.1,1870,938,932,PIK3CA
chr3,178927877,178928011,CHP2_PIK3CA_5.1,2406,1211,1195,PIK3CA
chr3,178928045,178928185,CHP2_PIK3CA_6.1,1539,770,769,PIK3CA
chr3,178935999,178936130,CHP2_PIK3CA_7.1,4016,2022,1994,PIK3CA
chr3,178938763,178938943,CHP2_PIK3CA_8.1,2021,1020,1001,PIK3CA
chr3,178947794,178947921,CHP2_PIK3CA_9.1,5556,2798,2758,PIK3CA
chr3,178951972,178952122,CHP2_PIK3CA_10.1,2829,1422,1407,PIK3CA
chr3,178952116,178952262,CHP2_PIK3CA_11.1,3053,1526,1527,PIK3CA
chr4,1803527,1803678,CHP2_FGFR3_1.1,742,449,293,FGFR3
chr4,1806057,1806212,CHP2_FGFR3_2.1,238,121,117,FGFR3
chr4,1807809,1807955,CHP2_FGFR3_3.1,1054,539,515,FGFR3
chr4,1808287,1808424,CHP2_FGFR3_4.1,1932,968,964,FGFR3
chr4,1808857,1809031,CHP2_FGFR3_5.1,1818,922,896,FGFR3
chr4,55140957,55141128,CHP2_PDGFRA_1.1,1748,880,868,PDGFRA
chr4,55144077,55144220,CHP2_PDGFRA_2.1,4307,2158,2149,PDGFRA
chr4,55144514,55144678,CHP2_PDGFRA_3.1,2545,1278,1267,PDGFRA
chr4,55152000,55152179,CHP2_PDGFRA_4.1,2697,1352,1345,PDGFRA
chr4,55561630,55561809,CHP2_KIT_1.1,4086,2047,2039,KIT
chr4,55592133,55592271,CHP2_KIT_2.1,3533,1767,1766,KIT
chr4,55593393,55593538,CHP2_KIT_3.1,2532,1275,1257,KIT
chr4,55593551,55593720,CHP2_KIT_4.1,4721,2366,2355,KIT
chr4,55594146,55594304,CHP2_KIT_5.1,2070,1046,1024,KIT
chr4,55595472,55595587,CHP2_KIT_6.1,4861,2440,2421,KIT
chr4,55597412,55597549,CHP2_KIT_7.1,2439,1228,1211,KIT
chr4,55599256,55599383,CHP2_KIT_8.1,3903,1953,1950,KIT
chr4,55602649,55602776,CHP2_KIT_9.1,4997,2508,2489,KIT
chr4,55946064,55946233,CHP2_KDR_9.1,967,486,481,KDR
chr4,55946226,55946396,CHP2_KDR_8.1,4286,2157,2129,KDR
chr4,55953751,55953885,CHP2_KDR_7.1,3287,1651,1636,KDR
chr4,55955054,55955193,CHP2_KDR_6.1,5475,2765,2710,KDR
chr4,55960952,55961084,CHP2_KDR_5.1,5856,2943,2913,KDR
chr4,55962420,55962573,CHP2_KDR_4.1,2887,1452,1435,KDR
chr4,55972928,55973096,CHP2_KDR_3.1,1954,990,964,KDR
chr4,55979550,55979680,CHP2_KDR_2.1,1102,548,554,KDR
chr4,55980214,55980384,CHP2_KDR_1.1,2445,1230,1215,KDR
chr4,153245386,153245517,CHP2_FBXW7_5.1,3366,1682,1684,FBXW7
chr4,153247253,153247394,CHP2_FBXW7_4.1,3420,1725,1695,FBXW7
chr4,153249331,153249502,CHP2_FBXW7_3.1,3450,1728,1722,FBXW7
chr4,153250828,153250951,CHP2_FBXW7_2.1,3954,1987,1967,FBXW7
chr4,153258877,153259048,CHP2_FBXW7_1.1,2510,1270,1240,FBXW7
chr5,112173847,112173987,CHP2_APC_1.1,2624,1317,1307,APC
chr5,112174533,112174691,CHP2_APC_2.1,2831,1424,1407,APC
chr5,112175119,112175293,CHP2_APC_3.1,2917,1472,1445,APC
chr5,112175291,112175468,CHP2_APC_4.1,3494,1760,1734,APC
chr5,112175543,112175728,CHP2_APC_5.1,1319,664,655,APC
chr5,112175716,112175887,CHP2_APC_6.1,4312,2181,2131,APC
chr5,112175896,112176060,CHP2_APC_7.1,1848,927,921,APC
chr5,149433569,149433717,CHP2_CSF1R_2.1,433,227,206,CSF1R
chr5,149452967,149453098,CHP2_CSF1R_1.1,1482,741,741,CSF1R
chr5,170837477,170837641,CHP2_NPM1_1.1,2655,1337,1318,NPM1
chr7,55211020,55211151,CHP2_EGFR_1.1,2017,1012,1005,EGFR
chr7,55221768,55221944,CHP2_EGFR_2.1,1740,873,867,EGFR
chr7,55232938,55233078,CHP2_EGFR_3.1,4952,2490,2462,EGFR
chr7,55241611,55241754,CHP2_EGFR_4.1,712,362,350,EGFR
chr7,55242387,55242565,CHP2_EGFR_5.1,1884,950,934,EGFR
chr7,55248941,55249115,CHP2_EGFR_6.1,1041,527,514,EGFR
chr7,55249098,55249270,CHP2_EGFR_7.1,1587,797,790,EGFR
chr7,55259483,55259653,CHP2_EGFR_8.1,2578,1294,1284,EGFR
chr7,116339591,116339726,CHP2_MET_1.1,3491,1765,1726,MET
chr7,116340131,116340295,CHP2_MET_2.1,2216,1111,1105,MET
chr7,116403107,116403276,CHP2_MET_3.1,1945,975,970,MET
chr7,116411854,116412022,CHP2_MET_4.1,3578,1802,1776,MET
chr7,116417403,116417567,CHP2_MET_5.1,3280,1659,1621,MET
chr7,116423383,116423517,CHP2_MET_6.1,1523,768,755,MET
chr7,128845039,128845213,CHP2_SMO_1.1,2369,1193,1176,SMO
chr7,128845933,128846088,CHP2_SMO_2.1,790,401,389,SMO
chr7,128846313,128846444,CHP2_SMO_3.1,1115,565,550,SMO
chr7,128850245,128850388,CHP2_SMO_4.1,970,488,482,SMO
chr7,128851475,128851637,CHP2_SMO_5.1,1673,846,827,SMO
chr7,140453078,140453246,CHP2_BRAF_2.1,3358,1692,1666,BRAF
chr7,140481367,140481540,CHP2_BRAF_1.1,3135,1589,1546,BRAF
chr7,148508682,148508816,CHP2_EZH2_1.1,2824,1417,1407,EZH2
chr8,38282116,38282279,CHP2_FGFR1_2.1,1696,855,841,FGFR1
chr8,38285827,38286000,CHP2_FGFR1_1.1,1101,552,549,FGFR1
chr9,5073705,5073882,CHP2_JAK2_1.1,2301,1155,1146,JAK2
chr9,21970916,21971091,CHP2_CDKN2A_2.1,655,333,322,CDKN2A
chr9,21971066,21971244,CHP2_CDKN2A_1.1,1195,632,563,CDKN2A
chr9,80409351,80409523,CHP2_GNAQ_1.1,2187,1102,1085,GNAQ
chr9,133738270,133738403,CHP2_ABL1_1.1,5080,2566,2514,ABL1
chr9,133747418,133747555,CHP2_ABL1_2.1,3337,1676,1661,ABL1
chr9,133748255,133748442,CHP2_ABL1_3.1,2247,1130,1117,ABL1
chr9,133750283,133750430,CHP2_ABL1_4.1,1357,684,673,ABL1
chr9,139390740,139390910,CHP2_NOTCH1_3.1,690,348,342,NOTCH1
chr9,139397738,139397904,CHP2_NOTCH1_2.1,2061,1039,1022,NOTCH1
chr9,139399313,139399472,CHP2_NOTCH1_1.1,352,176,176,NOTCH1
chr10,43609042,43609207,CHP2_RET_1.1,1803,913,890,RET
chr10,43609850,43610035,CHP2_RET_2.1,473,239,234,RET
chr10,43613770,43613918,CHP2_RET_3.1,1232,624,608,RET
chr10,43615522,43615712,CHP2_RET_4.1,844,432,412,RET
chr10,43617290,43617458,CHP2_RET_5.1,1912,961,951,RET
chr10,89624183,89624325,CHP2_PTEN_1.1,927,465,462,PTEN
chr10,89685234,89685399,CHP2_PTEN_2.1,4121,2083,2038,PTEN
chr10,89692789,89692945,CHP2_PTEN_3.1,2404,1208,1196,PTEN
chr10,89711780,89711957,CHP2_PTEN_4.1,2458,1238,1220,PTEN
chr10,89717479,89717645,CHP2_PTEN_5.1,3022,1509,1513,PTEN
chr10,89717642,89717805,CHP2_PTEN_6.1,2718,1361,1357,PTEN
chr10,89720671,89720772,CHP2_PTEN_7.1,8389,4198,4191,PTEN
chr10,89720760,89720925,CHP2_PTEN_8.1,3222,1620,1602,PTEN
chr10,123257928,123258070,CHP2_FGFR2_4.1,2910,1467,1443,FGFR2
chr10,123274697,123274860,CHP2_FGFR2_3.1,1131,569,562,FGFR2
chr10,123279393,123279569,CHP2_FGFR2_2.1,2817,1420,1397,FGFR2
chr10,123279583,123279738,CHP2_FGFR2_1.1,1904,961,943,FGFR2
chr11,533788,533955,CHP2_HRAS_2.1,505,255,250,HRAS
chr11,534196,534333,CHP2_HRAS_1.1,517,261,256,HRAS
chr11,108117741,108117890,CHP2_ATM_1.1,3362,1686,1676,ATM
chr11,108119791,108119916,CHP2_ATM_2.1,4390,2219,2171,ATM
chr11,108123491,108123643,CHP2_ATM_3.1,4702,2362,2340,ATM
chr11,108137907,108138050,CHP2_ATM_4.1,2790,1400,1390,ATM
chr11,108155059,108155205,CHP2_ATM_5.1,3131,1576,1555,ATM
chr11,108170432,108170581,CHP2_ATM_6.1,2514,1269,1245,ATM
chr11,108172338,108172492,CHP2_ATM_7.1,5433,2739,2694,ATM
chr11,108173606,108173728,CHP2_ATM_8.1,5908,2971,2937,ATM
chr11,108180878,108180985,CHP2_ATM_9.1,1918,956,962,ATM
chr11,108200891,108201018,CHP2_ATM_10.1,3083,1558,1525,ATM
chr11,108204610,108204709,CHP2_ATM_11.1,4939,2498,2441,ATM
chr11,108205707,108205841,CHP2_ATM_12.1,5459,2735,2724,ATM
chr11,108206499,108206653,CHP2_ATM_13.1,4675,2358,2317,ATM
chr11,108217991,108218169,CHP2_ATM_14.1,2712,1363,1349,ATM
chr11,108225525,108225657,CHP2_ATM_15.1,2738,1372,1366,ATM
chr11,108236018,108236165,CHP2_ATM_16.1,1655,833,822,ATM
chr11,108236162,108236310,CHP2_ATM_17.1,865,433,432,ATM
chr12,25378525,25378683,CHP2_KRAS_3.1,3942,1977,1965,KRAS
chr12,25380236,25380389,CHP2_KRAS_2.1,3164,1593,1571,KRAS
chr12,25398162,25398329,CHP2_KRAS_1.1,2799,1412,1387,KRAS
chr12,112888094,112888253,CHP2_PTPN11_1.1,3408,1714,1694,PTPN11
chr12,112926811,112926986,CHP2_PTPN11_2.1,3356,1693,1663,PTPN11
chr12,121431347,121431484,CHP2_HNF1A_1.1,1629,818,811,HNF1A
chr12,121431986,121432124,CHP2_HNF1A_2.1,3002,1510,1492,HNF1A
chr13,28592555,28592688,CHP2_FLT3_4.1,2557,1283,1274,FLT3
chr13,28602251,28602404,CHP2_FLT3_3.1,3412,1715,1697,FLT3
chr13,28608203,28608373,CHP2_FLT3_2.1,2719,1366,1353,FLT3
chr13,28610069,28610209,CHP2_FLT3_1.1,4741,2384,2357,FLT3
chr13,48919199,48919337,CHP2_RB1_1.1,3350,1678,1672,RB1
chr13,48923115,48923280,CHP2_RB1_2.1,3063,1544,1519,RB1
chr13,48941577,48941749,CHP2_RB1_3.1,2202,1108,1094,RB1
chr13,48942573,48942736,CHP2_RB1_4.1,1481,746,735,RB1
chr13,48953729,48953899,CHP2_RB1_5.1,2542,1286,1256,RB1
chr13,48955501,48955630,CHP2_RB1_6.1,4706,2360,2346,RB1
chr13,49027081,49027203,CHP2_RB1_7.1,2883,1462,1421,RB1
chr13,49033803,49033959,CHP2_RB1_8.1,3156,1591,1565,RB1
chr13,49037822,49037957,CHP2_RB1_9.1,3829,1929,1900,RB1
chr13,49039125,49039257,CHP2_RB1_10.1,2765,1392,1373,RB1
chr14,105241409,105241544,CHP2_AKT1_2.1,1392,702,690,AKT1
chr14,105246421,105246608,CHP2_AKT1_1.1,763,387,376,AKT1
chr15,90631800,90631979,CHP2_IDH2_1.1,1914,967,947,IDH2
chr16,68835578,68835722,CHP2_CDH1_1.1,2984,1503,1481,CDH1
chr16,68846000,68846176,CHP2_CDH1_2.1,2057,1035,1022,CDH1
chr16,68847175,68847327,CHP2_CDH1_3.1,3662,1832,1830,CDH1
chr17,7573899,7574060,CHP2_TP53_8.1,1795,909,886,TP53
chr17,7576991,7577176,CHP2_TP53_7.1,1502,758,744,TP53
chr17,7577484,7577637,CHP2_TP53_6.1,3428,1725,1703,TP53
chr17,7578156,7578323,CHP2_TP53_5.1,1831,926,905,TP53
chr17,7578328,7578508,CHP2_TP53_4.1,2653,1328,1325,TP53
chr17,7578492,7578626,CHP2_TP53_3.1,1901,953,948,TP53
chr17,7579326,7579510,CHP2_TP53_2.1,1165,597,568,TP53
chr17,7579829,7579985,CHP2_TP53_1.1,3095,1563,1532,TP53
chr17,37880188,37880365,CHP2_ERBB2_1.1,2703,1361,1342,ERBB2
chr17,37880929,37881086,CHP2_ERBB2_2.1,1809,906,903,ERBB2
chr17,37881300,37881478,CHP2_ERBB2_3.1,1212,626,586,ERBB2
chr18,48575075,48575238,CHP2_SMAD4_1.1,2716,1362,1354,SMAD4
chr18,48575532,48575702,CHP2_SMAD4_2.1,1887,947,940,SMAD4
chr18,48581166,48581327,CHP2_SMAD4_3.1,2344,1182,1162,SMAD4
chr18,48584527,48584703,CHP2_SMAD4_4.1,3113,1564,1549,SMAD4
chr18,48586227,48586386,CHP2_SMAD4_5.1,2504,1260,1244,SMAD4
chr18,48591790,48591956,CHP2_SMAD4_6.1,3488,1752,1736,SMAD4
chr18,48593375,48593544,CHP2_SMAD4_7.1,1524,765,759,SMAD4
chr18,48603004,48603144,CHP2_SMAD4_8.1,4056,2038,2018,SMAD4
chr18,48604634,48604799,CHP2_SMAD4_9.1,1435,726,709,SMAD4
chr19,1206953,1207129,CHP2_STK11_1.1,2415,1223,1192,STK11
chr19,1220286,1220475,CHP2_STK11_2.1,406,208,198,STK11
chr19,1220456,1220628,CHP2_STK11_3.1,1116,688,428,STK11
chr19,1221212,1221357,CHP2_STK11_4.1,1708,853,855,STK11
chr19,1222990,1223169,CHP2_STK11_5.1,1663,838,825,STK11
chr19,3118857,3118998,CHP2_GNA11_1.1,893,451,442,GNA11
chr19,17945592,17945759,CHP2_JAK3_3.1,1921,975,946,JAK3
chr19,17947962,17948099,CHP2_JAK3_2.1,1582,804,778,JAK3
chr19,17954110,17954250,CHP2_JAK3_1.1,2073,1045,1028,JAK3
chr20,36031642,36031794,CHP2_SRC_1.1,2479,1245,1234,SRC
chr20,57484372,57484529,CHP2_GNAS_1.1,1051,540,511,GNAS
chr20,57484538,57484697,CHP2_GNAS_2.1,3198,1601,1597,GNAS
chr22,24133929,24134089,CHP2_SMARCB1_1.1,2214,1118,1096,SMARCB1
chr22,24143176,24143336,CHP2_SMARCB1_2.1,308,154,154,SMARCB1
chr22,24145453,24145623,CHP2_SMARCB1_3.1,2682,1356,1326,SMARCB1
chr22,24176235,24176416,CHP2_SMARCB1_4.1,676,338,338,SMARCB1
