Chr,Start,Stop,Region,Coverage,CoverageRead1,CoverageRead2,GeneIDs
chr1,43814944,43815111,CHP2_MPL_1.1,746,398,348,MPL
chr1,115252161,115252294,CHP2_NRAS_3.1,2590,1305,1285,NRAS
chr1,115256480,115256609,CHP2_NRAS_2.1,1698,854,844,NRAS
chr1,115258665,115258799,CHP2_NRAS_1.1,2394,1202,1192,NRAS
chr2,29432548,29432705,CHP2_ALK_2.1,661,335,326,ALK
chr2,29443583,29443754,CHP2_ALK_1.1,1363,694,669,ALK
chr2,209113079,209113231,CHP2_IDH1_1.1,3034,1518,1516,IDH1
chr2,212288880,212289015,CHP2_ERBB4_8.1,2844,1419,1425,ERBB4
chr2,212530027,212530205,CHP2_ERBB4_7.1,681,343,338,ERBB4
chr2,212576775,212576935,CHP2_ERBB4_6.1,4634,2336,2298,ERBB4
chr2,212578264,212578440,CHP2_ERBB4_5.1,3281,1658,1623,ERBB4
chr2,212587109,212587264,CHP2_ERBB4_4.1,2384,1197,1187,ERBB4
chr2,212589740,212589892,CHP2_ERBB4_3.1,675,332,343,ERBB4
chr2,212652695,212652831,CHP2_ERBB4_2.1,3619,1825,1794,ERBB4
chr2,212812051,212812194,CHP2_ERBB4_1.1,2852,1426,1426,ERBB4
chr3,10183741,10183879,CHP2_VHL_1.1,328,168,160,VHL
chr3,10188162,10188331,CHP2_VHL_2.1,2178,1098,1080,VHL
chr3,10191394,10191552,CHP2_VHL_3.1,2709,1362,1347,VHL
chr3,37067183,37067358,CHP2_MLH1_1.1,2795,1411,1384,MLH1
chr3,41266005,41266172,CHP2_CTNNB1_1.1,889,451,438,CTNNB1
chr3,178916751,178916906,CHP2_PIK3CA_1.1,2065,1036,1029,PIK3CA
chr3,178916907,178917060,CHP2_PIK3CA_2.1,1470,739,731,PIK3CA
chr3,178921440,178921595,CHP2_PIK3CA_3.1,2540,1275,1265,PIK3CA
chr3,178927381,178927550,CHP2_PIK3CA_4.1,1477,748,729,PIK3CA
chr3,178927877,178928011,CHP2_PIK3CA_5.1,1152,580,572,PIK3CA
chr3,178928045,178928185,CHP2_PIK3CA_6.1,1238,619,619,PIK3CA
chr3,178935999,178936130,CHP2_PIK3CA_7.1,3078,1549,1529,PIK3CA
chr3,178938763,178938943,CHP2_PIK3CA_8.1,1659,837,822,PIK3CA
chr3,178947794,178947921,CHP2_PIK3CA_9.1,4105,2062,2043,PIK3CA
chr3,178951972,178952122,CHP2_PIK3CA_10.1,2002,1007,995,PIK3CA
chr3,178952116,178952262,CHP2_PIK3CA_11.1,2495,1251,1244,PIK3CA
chr4,1803527,1803678,CHP2_FGFR3_1.1,795,476,319,FGFR3
chr4,1806057,1806212,CHP2_FGFR3_2.1,397,201,196,FGFR3
chr4,1807809,1807955,CHP2_FGFR3_3.1,1444,732,712,FGFR3
chr4,1808287,1808424,CHP2_FGFR3_4.1,2440,1227,1213,FGFR3
chr4,1808857,1809031,CHP2_FGFR3_5.1,2073,1044,1029,FGFR3
chr4,55140957,55141128,CHP2_PDGFRA_1.1,1875,944,931,PDGFRA
chr4,55144077,55144220,CHP2_PDGFRA_2.1,3936,1978,1958,PDGFRA
chr4,55144514,55144678,CHP2_PDGFRA_3.1,2458,1242,1216,PDGFRA
chr4,55152000,55152179,CHP2_PDGFRA_4.1,2392,1199,1193,PDGFRA
chr4,55561630,55561809,CHP2_KIT_1.1,2908,1457,1451,KIT
chr4,55592133,55592271,CHP2_KIT_2.1,3351,1686,1665,KIT
chr4,55593393,55593538,CHP2_KIT_3.1,2680,1354,1326,KIT
chr4,55593551,55593720,CHP2_KIT_4.1,4046,2035,2011,KIT
chr4,55594146,55594304,CHP2_KIT_5.1,2055,1032,1023,KIT
chr4,55595472,55595587,CHP2_KIT_6.1,4524,2268,2256,KIT
chr4,55597412,55597549,CHP2_KIT_7.1,2542,1281,1261,KIT
chr4,55599256,55599383,CHP2_KIT_8.1,3663,1832,1831,KIT
chr4,55602649,55602776,CHP2_KIT_9.1,4651,2335,2316,KIT
chr4,55946064,55946233,CHP2_KDR_9.1,1029,513,516,KDR
chr4,55946226,55946396,CHP2_KDR_8.1,3302,1661,1641,KDR
chr4,55953751,55953885,CHP2_KDR_7.1,3440,1738,1702,KDR
chr4,55955054,55955193,CHP2_KDR_6.1,5077,2565,2512,KDR
chr4,55960952,55961084,CHP2_KDR_5.1,5149,2587,2562,KDR
chr4,55962420,55962573,CHP2_KDR_4.1,3098,1552,1546,KDR
chr4,55972928,55973096,CHP2_KDR_3.1,1896,960,936,KDR
chr4,55979550,55979680,CHP2_KDR_2.1,777,395,382,KDR
chr4,55980214,55980384,CHP2_KDR_1.1,2476,1245,1231,KDR
chr4,153245386,153245517,CHP2_FBXW7_5.1,3229,1617,1612,FBXW7
chr4,153247253,153247394,CHP2_FBXW7_4.1,3523,1770,1753,FBXW7
chr4,153249331,153249502,CHP2_FBXW7_3.1,2784,1399,1385,FBXW7
chr4,153250828,153250951,CHP2_FBXW7_2.1,3381,1697,1684,FBXW7
chr4,153258877,153259048,CHP2_FBXW7_1.1,2482,1250,1232,FBXW7
chr5,112173847,112173987,CHP2_APC_1.1,3174,1595,1579,APC
chr5,112174533,112174691,CHP2_APC_2.1,3420,1718,1702,APC
chr5,112175119,112175293,CHP2_APC_3.1,3085,1553,1532,APC
chr5,112175291,112175468,CHP2_APC_4.1,3769,1907,1862,APC
chr5,112175543,112175728,CHP2_APC_5.1,1460,734,726,APC
chr5,112175716,112175887,CHP2_APC_6.1,4713,2376,2337,APC
chr5,112175896,112176060,CHP2_APC_7.1,1632,821,811,APC
chr5,149433569,149433717,CHP2_CSF1R_2.1,758,383,375,CSF1R
chr5,149452967,149453098,CHP2_CSF1R_1.1,2032,1024,1008,CSF1R
chr5,170837477,170837641,CHP2_NPM1_1.1,3137,1578,1559,NPM1
chr7,55211020,55211151,CHP2_EGFR_1.1,2192,1096,1096,EGFR
chr7,55221768,55221944,CHP2_EGFR_2.1,1864,937,927,EGFR
chr7,55232938,55233078,CHP2_EGFR_3.1,4954,2485,2469,EGFR
chr7,55241611,55241754,CHP2_EGFR_4.1,956,484,472,EGFR
chr7,55242387,55242565,CHP2_EGFR_5.1,1933,970,963,EGFR
chr7,55248941,55249115,CHP2_EGFR_6.1,1159,584,575,EGFR
chr7,55249098,55249270,CHP2_EGFR_7.1,1936,982,954,EGFR
chr7,55259483,55259653,CHP2_EGFR_8.1,2144,1080,1064,EGFR
chr7,116339591,116339726,CHP2_MET_1.1,3319,1670,1649,MET
chr7,116340131,116340295,CHP2_MET_2.1,1928,970,958,MET
chr7,116403107,116403276,CHP2_MET_3.1,1894,959,935,MET
chr7,116411854,116412022,CHP2_MET_4.1,2627,1322,1305,MET
chr7,116417403,116417567,CHP2_MET_5.1,2569,1295,1274,MET
chr7,116423383,116423517,CHP2_MET_6.1,1934,975,959,MET
chr7,128845039,128845213,CHP2_SMO_1.1,2733,1371,1362,SMO
chr7,128845933,128846088,CHP2_SMO_2.1,1219,611,608,SMO
chr7,128846313,128846444,CHP2_SMO_3.1,1498,757,741,SMO
chr7,128850245,128850388,CHP2_SMO_4.1,1472,738,734,SMO
chr7,128851475,128851637,CHP2_SMO_5.1,2174,1094,1080,SMO
chr7,140453078,140453246,CHP2_BRAF_2.1,2906,1457,1449,BRAF
chr7,140481367,140481540,CHP2_BRAF_1.1,3189,1606,1583,BRAF
chr7,148508682,148508816,CHP2_EZH2_1.1,2939,1474,1465,EZH2
chr8,38282116,38282279,CHP2_FGFR1_2.1,2056,1037,1019,FGFR1
chr8,38285827,38286000,CHP2_FGFR1_1.1,1434,725,709,FGFR1
chr9,5073705,5073882,CHP2_JAK2_1.1,2248,1128,1120,JAK2
chr9,21970916,21971091,CHP2_CDKN2A_2.1,722,363,359,CDKN2A
chr9,21971066,21971244,CHP2_CDKN2A_1.1,1117,555,562,CDKN2A
chr9,80409351,80409523,CHP2_GNAQ_1.1,2080,1046,1034,GNAQ
chr9,133738270,133738403,CHP2_ABL1_1.1,4572,2296,2276,ABL1
chr9,133747418,133747555,CHP2_ABL1_2.1,3512,1765,1747,ABL1
chr9,133748255,133748442,CHP2_ABL1_3.1,2176,1092,1084,ABL1
chr9,133750283,133750430,CHP2_ABL1_4.1,1430,719,711,ABL1
chr9,139390740,139390910,CHP2_NOTCH1_3.1,823,415,408,NOTCH1
chr9,139397738,139397904,CHP2_NOTCH1_2.1,2394,1206,1188,NOTCH1
chr9,139399313,139399472,CHP2_NOTCH1_1.1,482,243,239,NOTCH1
chr10,43609042,43609207,CHP2_RET_1.1,2159,1083,1076,RET
chr10,43609850,43610035,CHP2_RET_2.1,827,418,409,RET
chr10,43613770,43613918,CHP2_RET_3.1,2018,1017,1001,RET
chr10,43615522,43615712,CHP2_RET_4.1,1356,686,670,RET
chr10,43617290,43617458,CHP2_RET_5.1,2757,1389,1368,RET
chr10,89624183,89624325,CHP2_PTEN_1.1,1332,666,666,PTEN
chr10,89685234,89685399,CHP2_PTEN_2.1,4481,2261,2220,PTEN
chr10,89692789,89692945,CHP2_PTEN_3.1,2834,1427,1407,PTEN
chr10,89711780,89711957,CHP2_PTEN_4.1,2029,1027,1002,PTEN
chr10,89717479,89717645,CHP2_PTEN_5.1,3416,1714,1702,PTEN
chr10,89717642,89717805,CHP2_PTEN_6.1,3232,1618,1614,PTEN
chr10,89720671,89720772,CHP2_PTEN_7.1,8594,4307,4287,PTEN
chr10,89720760,89720925,CHP2_PTEN_8.1,3646,1835,1811,PTEN
chr10,123257928,123258070,CHP2_FGFR2_4.1,3691,1848,1843,FGFR2
chr10,123274697,123274860,CHP2_FGFR2_3.1,1335,671,664,FGFR2
chr10,123279393,123279569,CHP2_FGFR2_2.1,3387,1703,1684,FGFR2
chr10,123279583,123279738,CHP2_FGFR2_1.1,2318,1174,1144,FGFR2
chr11,533788,533955,CHP2_HRAS_2.1,540,272,268,HRAS
chr11,534196,534333,CHP2_HRAS_1.1,568,288,280,HRAS
chr11,108117741,108117890,CHP2_ATM_1.1,2466,1240,1226,ATM
chr11,108119791,108119916,CHP2_ATM_2.1,3849,1940,1909,ATM
chr11,108123491,108123643,CHP2_ATM_3.1,3381,1703,1678,ATM
chr11,108137907,108138050,CHP2_ATM_4.1,2277,1144,1133,ATM
chr11,108155059,108155205,CHP2_ATM_5.1,2570,1295,1275,ATM
chr11,108170432,108170581,CHP2_ATM_6.1,2130,1070,1060,ATM
chr11,108172338,108172492,CHP2_ATM_7.1,3512,1770,1742,ATM
chr11,108173606,108173728,CHP2_ATM_8.1,3904,1961,1943,ATM
chr11,108180878,108180985,CHP2_ATM_9.1,1689,843,846,ATM
chr11,108200891,108201018,CHP2_ATM_10.1,2364,1191,1173,ATM
chr11,108204610,108204709,CHP2_ATM_11.1,3913,1971,1942,ATM
chr11,108205707,108205841,CHP2_ATM_12.1,3911,1959,1952,ATM
chr11,108206499,108206653,CHP2_ATM_13.1,3497,1762,1735,ATM
chr11,108217991,108218169,CHP2_ATM_14.1,2043,1024,1019,ATM
chr11,108225525,108225657,CHP2_ATM_15.1,2289,1145,1144,ATM
chr11,108236018,108236165,CHP2_ATM_16.1,1499,759,740,ATM
chr11,108236162,108236310,CHP2_ATM_17.1,899,452,447,ATM
chr12,25378525,25378683,CHP2_KRAS_3.1,3709,1861,1848,KRAS
chr12,25380236,25380389,CHP2_KRAS_2.1,3372,1691,1681,KRAS
chr12,25398162,25398329,CHP2_KRAS_1.1,2820,1422,1398,KRAS
chr12,112888094,112888253,CHP2_PTPN11_1.1,3588,1809,1779,PTPN11
chr12,112926811,112926986,CHP2_PTPN11_2.1,3087,1551,1536,PTPN11
chr12,121431347,121431484,CHP2_HNF1A_1.1,1899,952,947,HNF1A
chr12,121431986,121432124,CHP2_HNF1A_2.1,3402,1709,1693,HNF1A
chr13,28592555,28592688,CHP2_FLT3_4.1,4856,2449,2407,FLT3
chr13,28602251,28602404,CHP2_FLT3_3.1,5527,2770,2757,FLT3
chr13,28608203,28608373,CHP2_FLT3_2.1,4439,2239,2200,FLT3
chr13,28610069,28610209,CHP2_FLT3_1.1,7062,3552,3510,FLT3
chr13,48919199,48919337,CHP2_RB1_1.1,5591,2803,2788,RB1
chr13,48923115,48923280,CHP2_RB1_2.1,4514,2267,2247,RB1
chr13,48941577,48941749,CHP2_RB1_3.1,3833,1921,1912,RB1
chr13,48942573,48942736,CHP2_RB1_4.1,2773,1402,1371,RB1
chr13,48953729,48953899,CHP2_RB1_5.1,3988,2009,1979,RB1
chr13,48955501,48955630,CHP2_RB1_6.1,7103,3572,3531,RB1
chr13,49027081,49027203,CHP2_RB1_7.1,5482,2761,2721,RB1
chr13,49033803,49033959,CHP2_RB1_8.1,5259,2650,2609,RB1
chr13,49037822,49037957,CHP2_RB1_9.1,6485,3263,3222,RB1
chr13,49039125,49039257,CHP2_RB1_10.1,4979,2500,2479,RB1
chr14,105241409,105241544,CHP2_AKT1_2.1,1541,778,763,AKT1
chr14,105246421,105246608,CHP2_AKT1_1.1,803,407,396,AKT1
chr15,90631800,90631979,CHP2_IDH2_1.1,1681,843,838,IDH2
chr16,68835578,68835722,CHP2_CDH1_1.1,2977,1501,1476,CDH1
chr16,68846000,68846176,CHP2_CDH1_2.1,2215,1112,1103,CDH1
chr16,68847175,68847327,CHP2_CDH1_3.1,3459,1733,1726,CDH1
chr17,7573899,7574060,CHP2_TP53_8.1,2051,1031,1020,TP53
chr17,7576991,7577176,CHP2_TP53_7.1,1565,787,778,TP53
chr17,7577484,7577637,CHP2_TP53_6.1,3828,1921,1907,TP53
chr17,7578156,7578323,CHP2_TP53_5.1,2098,1054,1044,TP53
chr17,7578328,7578508,CHP2_TP53_4.1,2646,1332,1314,TP53
chr17,7578492,7578626,CHP2_TP53_3.1,2200,1100,1100,TP53
chr17,7579326,7579510,CHP2_TP53_2.1,1386,712,674,TP53
chr17,7579829,7579985,CHP2_TP53_1.1,3241,1632,1609,TP53
chr17,37880188,37880365,CHP2_ERBB2_1.1,2777,1397,1380,ERBB2
chr17,37880929,37881086,CHP2_ERBB2_2.1,2065,1033,1032,ERBB2
chr17,37881300,37881478,CHP2_ERBB2_3.1,1470,776,694,ERBB2
chr18,48575075,48575238,CHP2_SMAD4_1.1,2374,1185,1189,SMAD4
chr18,48575532,48575702,CHP2_SMAD4_2.1,1453,727,726,SMAD4
chr18,48581166,48581327,CHP2_SMAD4_3.1,1735,873,862,SMAD4
chr18,48584527,48584703,CHP2_SMAD4_4.1,2312,1166,1146,SMAD4
chr18,48586227,48586386,CHP2_SMAD4_5.1,1979,995,984,SMAD4
chr18,48591790,48591956,CHP2_SMAD4_6.1,2576,1293,1283,SMAD4
chr18,48593375,48593544,CHP2_SMAD4_7.1,1233,624,609,SMAD4
chr18,48603004,48603144,CHP2_SMAD4_8.1,2651,1338,1313,SMAD4
chr18,48604634,48604799,CHP2_SMAD4_9.1,1276,645,631,SMAD4
chr19,1206953,1207129,CHP2_STK11_1.1,2467,1247,1220,STK11
chr19,1220286,1220475,CHP2_STK11_2.1,486,245,241,STK11
chr19,1220456,1220628,CHP2_STK11_3.1,1091,650,441,STK11
chr19,1221212,1221357,CHP2_STK11_4.1,2207,1118,1089,STK11
chr19,1222990,1223169,CHP2_STK11_5.1,1757,884,873,STK11
chr19,3118857,3118998,CHP2_GNA11_1.1,1297,653,644,GNA11
chr19,17945592,17945759,CHP2_JAK3_3.1,2076,1052,1024,JAK3
chr19,17947962,17948099,CHP2_JAK3_2.1,1983,1003,980,JAK3
chr19,17954110,17954250,CHP2_JAK3_1.1,2129,1069,1060,JAK3
chr20,36031642,36031794,CHP2_SRC_1.1,3478,1753,1725,SRC
chr20,57484372,57484529,CHP2_GNAS_1.1,1478,740,738,GNAS
chr20,57484538,57484697,CHP2_GNAS_2.1,3531,1771,1760,GNAS
chr22,24133929,24134089,CHP2_SMARCB1_1.1,1936,987,949,SMARCB1
chr22,24143176,24143336,CHP2_SMARCB1_2.1,335,167,168,SMARCB1
chr22,24145453,24145623,CHP2_SMARCB1_3.1,2257,1141,1116,SMARCB1
chr22,24176235,24176416,CHP2_SMARCB1_4.1,709,357,352,SMARCB1
