Chr,Start,Stop,Region,Coverage,CoverageRead1,CoverageRead2,GeneIDs
chr1,43814944,43815111,CHP2_MPL_1.1,631,343,288,MPL
chr1,115252161,115252294,CHP2_NRAS_3.1,2954,1482,1472,NRAS
chr1,115256480,115256609,CHP2_NRAS_2.1,1831,917,914,NRAS
chr1,115258665,115258799,CHP2_NRAS_1.1,3111,1564,1547,NRAS
chr2,29432548,29432705,CHP2_ALK_2.1,513,254,259,ALK
chr2,29443583,29443754,CHP2_ALK_1.1,1058,528,530,ALK
chr2,209113079,209113231,CHP2_IDH1_1.1,3051,1527,1524,IDH1
chr2,212288880,212289015,CHP2_ERBB4_8.1,2857,1428,1429,ERBB4
chr2,212530027,212530205,CHP2_ERBB4_7.1,481,243,238,ERBB4
chr2,212576775,212576935,CHP2_ERBB4_6.1,6012,3010,3002,ERBB4
chr2,212578264,212578440,CHP2_ERBB4_5.1,3742,1868,1874,ERBB4
chr2,212587109,212587264,CHP2_ERBB4_4.1,2398,1205,1193,ERBB4
chr2,212589740,212589892,CHP2_ERBB4_3.1,464,232,232,ERBB4
chr2,212652695,212652831,CHP2_ERBB4_2.1,3738,1875,1863,ERBB4
chr2,212812051,212812194,CHP2_ERBB4_1.1,2981,1493,1488,ERBB4
chr3,10183741,10183879,CHP2_VHL_1.1,313,156,157,VHL
chr3,10188162,10188331,CHP2_VHL_2.1,2554,1282,1272,VHL
chr3,10191394,10191552,CHP2_VHL_3.1,3256,1635,1621,VHL
chr3,37067183,37067358,CHP2_MLH1_1.1,3972,1991,1981,MLH1
chr3,41266005,41266172,CHP2_CTNNB1_1.1,929,467,462,CTNNB1
chr3,178916751,178916906,CHP2_PIK3CA_1.1,2704,1351,1353,PIK3CA
chr3,178916907,178917060,CHP2_PIK3CA_2.1,1513,758,755,PIK3CA
chr3,178921440,178921595,CHP2_PIK3CA_3.1,3299,1649,1650,PIK3CA
chr3,178927381,178927550,CHP2_PIK3CA_4.1,1689,847,842,PIK3CA
chr3,178927877,178928011,CHP2_PIK3CA_5.1,1811,906,905,PIK3CA
chr3,178928045,178928185,CHP2_PIK3CA_6.1,1116,555,561,PIK3CA
chr3,178935999,178936130,CHP2_PIK3CA_7.1,3888,1948,1940,PIK3CA
chr3,178938763,178938943,CHP2_PIK3CA_8.1,1965,989,976,PIK3CA
chr3,178947794,178947921,CHP2_PIK3CA_9.1,5722,2862,2860,PIK3CA
chr3,178951972,178952122,CHP2_PIK3CA_10.1,2826,1415,1411,PIK3CA
chr3,178952116,178952262,CHP2_PIK3CA_11.1,2815,1407,1408,PIK3CA
chr4,1803527,1803678,CHP2_FGFR3_1.1,543,311,232,FGFR3
chr4,1806057,1806212,CHP2_FGFR3_2.1,207,106,101,FGFR3
chr4,1807809,1807955,CHP2_FGFR3_3.1,979,492,487,FGFR3
chr4,1808287,1808424,CHP2_FGFR3_4.1,1743,874,869,FGFR3
chr4,1808857,1809031,CHP2_FGFR3_5.1,1863,939,924,FGFR3
chr4,55140957,55141128,CHP2_PDGFRA_1.1,1611,810,801,PDGFRA
chr4,55144077,55144220,CHP2_PDGFRA_2.1,4119,2067,2052,PDGFRA
chr4,55144514,55144678,CHP2_PDGFRA_3.1,2428,1212,1216,PDGFRA
chr4,55152000,55152179,CHP2_PDGFRA_4.1,2518,1264,1254,PDGFRA
chr4,55561630,55561809,CHP2_KIT_1.1,3946,1976,1970,KIT
chr4,55592133,55592271,CHP2_KIT_2.1,3179,1586,1593,KIT
chr4,55593393,55593538,CHP2_KIT_3.1,2531,1269,1262,KIT
chr4,55593551,55593720,CHP2_KIT_4.1,4728,2368,2360,KIT
chr4,55594146,55594304,CHP2_KIT_5.1,2035,1020,1015,KIT
chr4,55595472,55595587,CHP2_KIT_6.1,4823,2421,2402,KIT
chr4,55597412,55597549,CHP2_KIT_7.1,2424,1213,1211,KIT
chr4,55599256,55599383,CHP2_KIT_8.1,3861,1933,1928,KIT
chr4,55602649,55602776,CHP2_KIT_9.1,4758,2386,2372,KIT
chr4,55946064,55946233,CHP2_KDR_9.1,766,383,383,KDR
chr4,55946226,55946396,CHP2_KDR_8.1,4390,2209,2181,KDR
chr4,55953751,55953885,CHP2_KDR_7.1,3464,1736,1728,KDR
chr4,55955054,55955193,CHP2_KDR_6.1,5440,2739,2701,KDR
chr4,55960952,55961084,CHP2_KDR_5.1,5776,2900,2876,KDR
chr4,55962420,55962573,CHP2_KDR_4.1,3038,1517,1521,KDR
chr4,55972928,55973096,CHP2_KDR_3.1,1910,961,949,KDR
chr4,55979550,55979680,CHP2_KDR_2.1,990,498,492,KDR
chr4,55980214,55980384,CHP2_KDR_1.1,2333,1176,1157,KDR
chr4,153245386,153245517,CHP2_FBXW7_5.1,3118,1562,1556,FBXW7
chr4,153247253,153247394,CHP2_FBXW7_4.1,3088,1554,1534,FBXW7
chr4,153249331,153249502,CHP2_FBXW7_3.1,3799,1903,1896,FBXW7
chr4,153250828,153250951,CHP2_FBXW7_2.1,3405,1702,1703,FBXW7
chr4,153258877,153259048,CHP2_FBXW7_1.1,2548,1283,1265,FBXW7
chr5,112173847,112173987,CHP2_APC_1.1,2462,1232,1230,APC
chr5,112174533,112174691,CHP2_APC_2.1,2938,1478,1460,APC
chr5,112175119,112175293,CHP2_APC_3.1,2932,1462,1470,APC
chr5,112175291,112175468,CHP2_APC_4.1,3307,1662,1645,APC
chr5,112175543,112175728,CHP2_APC_5.1,1359,680,679,APC
chr5,112175716,112175887,CHP2_APC_6.1,4182,2101,2081,APC
chr5,112175896,112176060,CHP2_APC_7.1,1502,754,748,APC
chr5,149433569,149433717,CHP2_CSF1R_2.1,398,200,198,CSF1R
chr5,149452967,149453098,CHP2_CSF1R_1.1,1368,688,680,CSF1R
chr5,170837477,170837641,CHP2_NPM1_1.1,2374,1185,1189,NPM1
chr7,55211020,55211151,CHP2_EGFR_1.1,1904,953,951,EGFR
chr7,55221768,55221944,CHP2_EGFR_2.1,1746,873,873,EGFR
chr7,55232938,55233078,CHP2_EGFR_3.1,4957,2486,2471,EGFR
chr7,55241611,55241754,CHP2_EGFR_4.1,601,301,300,EGFR
chr7,55242387,55242565,CHP2_EGFR_5.1,1746,878,868,EGFR
chr7,55248941,55249115,CHP2_EGFR_6.1,1027,515,512,EGFR
chr7,55249098,55249270,CHP2_EGFR_7.1,1455,727,728,EGFR
chr7,55259483,55259653,CHP2_EGFR_8.1,1918,961,957,EGFR
chr7,116339591,116339726,CHP2_MET_1.1,3405,1707,1698,MET
chr7,116340131,116340295,CHP2_MET_2.1,2500,1256,1244,MET
chr7,116403107,116403276,CHP2_MET_3.1,1911,962,949,MET
chr7,116411854,116412022,CHP2_MET_4.1,3587,1800,1787,MET
chr7,116417403,116417567,CHP2_MET_5.1,3631,1825,1806,MET
chr7,116423383,116423517,CHP2_MET_6.1,1418,716,702,MET
chr7,128845039,128845213,CHP2_SMO_1.1,2356,1181,1175,SMO
chr7,128845933,128846088,CHP2_SMO_2.1,712,355,357,SMO
chr7,128846313,128846444,CHP2_SMO_3.1,995,498,497,SMO
chr7,128850245,128850388,CHP2_SMO_4.1,969,486,483,SMO
chr7,128851475,128851637,CHP2_SMO_5.1,1617,811,806,SMO
chr7,140453078,140453246,CHP2_BRAF_2.1,3348,1676,1672,BRAF
chr7,140481367,140481540,CHP2_BRAF_1.1,3414,1724,1690,BRAF
chr7,148508682,148508816,CHP2_EZH2_1.1,2783,1395,1388,EZH2
chr8,38282116,38282279,CHP2_FGFR1_2.1,1625,816,809,FGFR1
chr8,38285827,38286000,CHP2_FGFR1_1.1,895,448,447,FGFR1
chr9,5073705,5073882,CHP2_JAK2_1.1,2178,1098,1080,JAK2
chr9,21970916,21971091,CHP2_CDKN2A_2.1,519,262,257,CDKN2A
chr9,21971066,21971244,CHP2_CDKN2A_1.1,1115,599,516,CDKN2A
chr9,80409351,80409523,CHP2_GNAQ_1.1,2139,1074,1065,GNAQ
chr9,133738270,133738403,CHP2_ABL1_1.1,4292,2150,2142,ABL1
chr9,133747418,133747555,CHP2_ABL1_2.1,3412,1708,1704,ABL1
chr9,133748255,133748442,CHP2_ABL1_3.1,2270,1141,1129,ABL1
chr9,133750283,133750430,CHP2_ABL1_4.1,1191,600,591,ABL1
chr9,139390740,139390910,CHP2_NOTCH1_3.1,559,288,271,NOTCH1
chr9,139397738,139397904,CHP2_NOTCH1_2.1,2015,1011,1004,NOTCH1
chr9,139399313,139399472,CHP2_NOTCH1_1.1,270,136,134,NOTCH1
chr10,43609042,43609207,CHP2_RET_1.1,1446,723,723,RET
chr10,43609850,43610035,CHP2_RET_2.1,406,204,202,RET
chr10,43613770,43613918,CHP2_RET_3.1,1296,652,644,RET
chr10,43615522,43615712,CHP2_RET_4.1,837,421,416,RET
chr10,43617290,43617458,CHP2_RET_5.1,1961,981,980,RET
chr10,89624183,89624325,CHP2_PTEN_1.1,885,443,442,PTEN
chr10,89685234,89685399,CHP2_PTEN_2.1,4297,2158,2139,PTEN
chr10,89692789,89692945,CHP2_PTEN_3.1,2523,1263,1260,PTEN
chr10,89711780,89711957,CHP2_PTEN_4.1,2444,1223,1221,PTEN
chr10,89717479,89717645,CHP2_PTEN_5.1,3000,1506,1494,PTEN
chr10,89717642,89717805,CHP2_PTEN_6.1,2563,1290,1273,PTEN
chr10,89720671,89720772,CHP2_PTEN_7.1,7116,3559,3557,PTEN
chr10,89720760,89720925,CHP2_PTEN_8.1,3276,1647,1629,PTEN
chr10,123257928,123258070,CHP2_FGFR2_4.1,2938,1475,1463,FGFR2
chr10,123274697,123274860,CHP2_FGFR2_3.1,1064,534,530,FGFR2
chr10,123279393,123279569,CHP2_FGFR2_2.1,2819,1418,1401,FGFR2
chr10,123279583,123279738,CHP2_FGFR2_1.1,1730,870,860,FGFR2
chr11,533788,533955,CHP2_HRAS_2.1,428,215,213,HRAS
chr11,534196,534333,CHP2_HRAS_1.1,478,242,236,HRAS
chr11,108117741,108117890,CHP2_ATM_1.1,3015,1514,1501,ATM
chr11,108119791,108119916,CHP2_ATM_2.1,4468,2249,2219,ATM
chr11,108123491,108123643,CHP2_ATM_3.1,4735,2370,2365,ATM
chr11,108137907,108138050,CHP2_ATM_4.1,2741,1372,1369,ATM
chr11,108155059,108155205,CHP2_ATM_5.1,3248,1631,1617,ATM
chr11,108170432,108170581,CHP2_ATM_6.1,2600,1306,1294,ATM
chr11,108172338,108172492,CHP2_ATM_7.1,6283,3155,3128,ATM
chr11,108173606,108173728,CHP2_ATM_8.1,6165,3090,3075,ATM
chr11,108180878,108180985,CHP2_ATM_9.1,1680,834,846,ATM
chr11,108200891,108201018,CHP2_ATM_10.1,3055,1530,1525,ATM
chr11,108204610,108204709,CHP2_ATM_11.1,4946,2483,2463,ATM
chr11,108205707,108205841,CHP2_ATM_12.1,5480,2751,2729,ATM
chr11,108206499,108206653,CHP2_ATM_13.1,4678,2356,2322,ATM
chr11,108217991,108218169,CHP2_ATM_14.1,2588,1294,1294,ATM
chr11,108225525,108225657,CHP2_ATM_15.1,2592,1305,1287,ATM
chr11,108236018,108236165,CHP2_ATM_16.1,1572,790,782,ATM
chr11,108236162,108236310,CHP2_ATM_17.1,835,413,422,ATM
chr12,25378525,25378683,CHP2_KRAS_3.1,4113,2058,2055,KRAS
chr12,25380236,25380389,CHP2_KRAS_2.1,3267,1633,1634,KRAS
chr12,25398162,25398329,CHP2_KRAS_1.1,2745,1377,1368,KRAS
chr12,112888094,112888253,CHP2_PTPN11_1.1,3723,1870,1853,PTPN11
chr12,112926811,112926986,CHP2_PTPN11_2.1,3544,1776,1768,PTPN11
chr12,121431347,121431484,CHP2_HNF1A_1.1,1577,791,786,HNF1A
chr12,121431986,121432124,CHP2_HNF1A_2.1,2789,1401,1388,HNF1A
chr13,28592555,28592688,CHP2_FLT3_4.1,2648,1325,1323,FLT3
chr13,28602251,28602404,CHP2_FLT3_3.1,3725,1867,1858,FLT3
chr13,28608203,28608373,CHP2_FLT3_2.1,2935,1470,1465,FLT3
chr13,28610069,28610209,CHP2_FLT3_1.1,4731,2372,2359,FLT3
chr13,48919199,48919337,CHP2_RB1_1.1,3427,1715,1712,RB1
chr13,48923115,48923280,CHP2_RB1_2.1,3067,1539,1528,RB1
chr13,48941577,48941749,CHP2_RB1_3.1,2152,1078,1074,RB1
chr13,48942573,48942736,CHP2_RB1_4.1,1419,716,703,RB1
chr13,48953729,48953899,CHP2_RB1_5.1,2697,1357,1340,RB1
chr13,48955501,48955630,CHP2_RB1_6.1,4549,2282,2267,RB1
chr13,49027081,49027203,CHP2_RB1_7.1,3025,1520,1505,RB1
chr13,49033803,49033959,CHP2_RB1_8.1,3154,1583,1571,RB1
chr13,49037822,49037957,CHP2_RB1_9.1,3763,1891,1872,RB1
chr13,49039125,49039257,CHP2_RB1_10.1,2638,1323,1315,RB1
chr14,105241409,105241544,CHP2_AKT1_2.1,1363,687,676,AKT1
chr14,105246421,105246608,CHP2_AKT1_1.1,710,355,355,AKT1
chr15,90631800,90631979,CHP2_IDH2_1.1,1937,970,967,IDH2
chr16,68835578,68835722,CHP2_CDH1_1.1,3020,1517,1503,CDH1
chr16,68846000,68846176,CHP2_CDH1_2.1,2195,1108,1087,CDH1
chr16,68847175,68847327,CHP2_CDH1_3.1,3655,1835,1820,CDH1
chr17,7573899,7574060,CHP2_TP53_8.1,1640,822,818,TP53
chr17,7576991,7577176,CHP2_TP53_7.1,1550,780,770,TP53
chr17,7577484,7577637,CHP2_TP53_6.1,3337,1672,1665,TP53
chr17,7578156,7578323,CHP2_TP53_5.1,1882,944,938,TP53
chr17,7578328,7578508,CHP2_TP53_4.1,2613,1312,1301,TP53
chr17,7578492,7578626,CHP2_TP53_3.1,1759,883,876,TP53
chr17,7579326,7579510,CHP2_TP53_2.1,1067,546,521,TP53
chr17,7579829,7579985,CHP2_TP53_1.1,3264,1639,1625,TP53
chr17,37880188,37880365,CHP2_ERBB2_1.1,2969,1489,1480,ERBB2
chr17,37880929,37881086,CHP2_ERBB2_2.1,1522,764,758,ERBB2
chr17,37881300,37881478,CHP2_ERBB2_3.1,1164,606,558,ERBB2
chr18,48575075,48575238,CHP2_SMAD4_1.1,2788,1394,1394,SMAD4
chr18,48575532,48575702,CHP2_SMAD4_2.1,1874,944,930,SMAD4
chr18,48581166,48581327,CHP2_SMAD4_3.1,2017,1013,1004,SMAD4
chr18,48584527,48584703,CHP2_SMAD4_4.1,3237,1622,1615,SMAD4
chr18,48586227,48586386,CHP2_SMAD4_5.1,2253,1126,1127,SMAD4
chr18,48591790,48591956,CHP2_SMAD4_6.1,3432,1718,1714,SMAD4
chr18,48593375,48593544,CHP2_SMAD4_7.1,1346,672,674,SMAD4
chr18,48603004,48603144,CHP2_SMAD4_8.1,3597,1812,1785,SMAD4
chr18,48604634,48604799,CHP2_SMAD4_9.1,1565,785,780,SMAD4
chr19,1206953,1207129,CHP2_STK11_1.1,2368,1196,1172,STK11
chr19,1220286,1220475,CHP2_STK11_2.1,355,180,175,STK11
chr19,1220456,1220628,CHP2_STK11_3.1,890,517,373,STK11
chr19,1221212,1221357,CHP2_STK11_4.1,1578,794,784,STK11
chr19,1222990,1223169,CHP2_STK11_5.1,1558,784,774,STK11
chr19,3118857,3118998,CHP2_GNA11_1.1,762,383,379,GNA11
chr19,17945592,17945759,CHP2_JAK3_3.1,1850,931,919,JAK3
chr19,17947962,17948099,CHP2_JAK3_2.1,1351,675,676,JAK3
chr19,17954110,17954250,CHP2_JAK3_1.1,2060,1034,1026,JAK3
chr20,36031642,36031794,CHP2_SRC_1.1,2183,1096,1087,SRC
chr20,57484372,57484529,CHP2_GNAS_1.1,1026,515,511,GNAS
chr20,57484538,57484697,CHP2_GNAS_2.1,3050,1529,1521,GNAS
chr22,24133929,24134089,CHP2_SMARCB1_1.1,2112,1065,1047,SMARCB1
chr22,24143176,24143336,CHP2_SMARCB1_2.1,241,121,120,SMARCB1
chr22,24145453,24145623,CHP2_SMARCB1_3.1,2685,1352,1333,SMARCB1
chr22,24176235,24176416,CHP2_SMARCB1_4.1,639,319,320,SMARCB1
