Chr,Start,Stop,Region,Coverage,CoverageRead1,CoverageRead2,GeneIDs
chr1,43814944,43815111,CHP2_MPL_1.1,748,388,360,MPL
chr1,115252161,115252294,CHP2_NRAS_3.1,3679,1851,1828,NRAS
chr1,115256480,115256609,CHP2_NRAS_2.1,1820,920,900,NRAS
chr1,115258665,115258799,CHP2_NRAS_1.1,2785,1412,1373,NRAS
chr2,29432548,29432705,CHP2_ALK_2.1,577,292,285,ALK
chr2,29443583,29443754,CHP2_ALK_1.1,1074,553,521,ALK
chr2,209113079,209113231,CHP2_IDH1_1.1,3093,1564,1529,IDH1
chr2,212288880,212289015,CHP2_ERBB4_8.1,3000,1510,1490,ERBB4
chr2,212530027,212530205,CHP2_ERBB4_7.1,562,286,276,ERBB4
chr2,212576775,212576935,CHP2_ERBB4_6.1,4810,2430,2380,ERBB4
chr2,212578264,212578440,CHP2_ERBB4_5.1,2755,1425,1330,ERBB4
chr2,212587109,212587264,CHP2_ERBB4_4.1,2437,1229,1208,ERBB4
chr2,212589740,212589892,CHP2_ERBB4_3.1,743,375,368,ERBB4
chr2,212652695,212652831,CHP2_ERBB4_2.1,4367,2211,2156,ERBB4
chr2,212812051,212812194,CHP2_ERBB4_1.1,2897,1454,1443,ERBB4
chr3,10183741,10183879,CHP2_VHL_1.1,358,191,167,VHL
chr3,10188162,10188331,CHP2_VHL_2.1,2489,1261,1228,VHL
chr3,10191394,10191552,CHP2_VHL_3.1,3113,1579,1534,VHL
chr3,37067183,37067358,CHP2_MLH1_1.1,2782,1409,1373,MLH1
chr3,41266005,41266172,CHP2_CTNNB1_1.1,938,481,457,CTNNB1
chr3,178916751,178916906,CHP2_PIK3CA_1.1,3517,1764,1753,PIK3CA
chr3,178916907,178917060,CHP2_PIK3CA_2.1,2207,1112,1095,PIK3CA
chr3,178921440,178921595,CHP2_PIK3CA_3.1,4025,2026,1999,PIK3CA
chr3,178927381,178927550,CHP2_PIK3CA_4.1,1783,904,879,PIK3CA
chr3,178927877,178928011,CHP2_PIK3CA_5.1,1459,732,727,PIK3CA
chr3,178928045,178928185,CHP2_PIK3CA_6.1,2137,1081,1056,PIK3CA
chr3,178935999,178936130,CHP2_PIK3CA_7.1,4951,2501,2450,PIK3CA
chr3,178938763,178938943,CHP2_PIK3CA_8.1,2027,1026,1001,PIK3CA
chr3,178947794,178947921,CHP2_PIK3CA_9.1,6954,3504,3450,PIK3CA
chr3,178951972,178952122,CHP2_PIK3CA_10.1,2980,1501,1479,PIK3CA
chr3,178952116,178952262,CHP2_PIK3CA_11.1,3572,1798,1774,PIK3CA
chr4,1803527,1803678,CHP2_FGFR3_1.1,627,386,241,FGFR3
chr4,1806057,1806212,CHP2_FGFR3_2.1,382,198,184,FGFR3
chr4,1807809,1807955,CHP2_FGFR3_3.1,1215,621,594,FGFR3
chr4,1808287,1808424,CHP2_FGFR3_4.1,1757,889,868,FGFR3
chr4,1808857,1809031,CHP2_FGFR3_5.1,1687,876,811,FGFR3
chr4,55140957,55141128,CHP2_PDGFRA_1.1,1291,658,633,PDGFRA
chr4,55144077,55144220,CHP2_PDGFRA_2.1,3706,1869,1837,PDGFRA
chr4,55144514,55144678,CHP2_PDGFRA_3.1,1712,863,849,PDGFRA
chr4,55152000,55152179,CHP2_PDGFRA_4.1,2014,1013,1001,PDGFRA
chr4,55561630,55561809,CHP2_KIT_1.1,1970,999,971,KIT
chr4,55592133,55592271,CHP2_KIT_2.1,3455,1738,1717,KIT
chr4,55593393,55593538,CHP2_KIT_3.1,2356,1188,1168,KIT
chr4,55593551,55593720,CHP2_KIT_4.1,2927,1470,1457,KIT
chr4,55594146,55594304,CHP2_KIT_5.1,1704,861,843,KIT
chr4,55595472,55595587,CHP2_KIT_6.1,4772,2401,2371,KIT
chr4,55597412,55597549,CHP2_KIT_7.1,1948,983,965,KIT
chr4,55599256,55599383,CHP2_KIT_8.1,3447,1736,1711,KIT
chr4,55602649,55602776,CHP2_KIT_9.1,5062,2543,2519,KIT
chr4,55946064,55946233,CHP2_KDR_9.1,889,452,437,KDR
chr4,55946226,55946396,CHP2_KDR_8.1,2596,1317,1279,KDR
chr4,55953751,55953885,CHP2_KDR_7.1,2767,1393,1374,KDR
chr4,55955054,55955193,CHP2_KDR_6.1,4697,2384,2313,KDR
chr4,55960952,55961084,CHP2_KDR_5.1,5687,2874,2813,KDR
chr4,55962420,55962573,CHP2_KDR_4.1,1773,894,879,KDR
chr4,55972928,55973096,CHP2_KDR_3.1,1551,782,769,KDR
chr4,55979550,55979680,CHP2_KDR_2.1,1367,693,674,KDR
chr4,55980214,55980384,CHP2_KDR_1.1,2084,1045,1039,KDR
chr4,153245386,153245517,CHP2_FBXW7_5.1,3743,1883,1860,FBXW7
chr4,153247253,153247394,CHP2_FBXW7_4.1,2954,1498,1456,FBXW7
chr4,153249331,153249502,CHP2_FBXW7_3.1,2159,1088,1071,FBXW7
chr4,153250828,153250951,CHP2_FBXW7_2.1,3780,1915,1865,FBXW7
chr4,153258877,153259048,CHP2_FBXW7_1.1,2169,1089,1080,FBXW7
chr5,112173847,112173987,CHP2_APC_1.1,2886,1455,1431,APC
chr5,112174533,112174691,CHP2_APC_2.1,2588,1315,1273,APC
chr5,112175119,112175293,CHP2_APC_3.1,2399,1211,1188,APC
chr5,112175291,112175468,CHP2_APC_4.1,2574,1297,1277,APC
chr5,112175543,112175728,CHP2_APC_5.1,835,424,411,APC
chr5,112175716,112175887,CHP2_APC_6.1,3288,1669,1619,APC
chr5,112175896,112176060,CHP2_APC_7.1,987,500,487,APC
chr5,149433569,149433717,CHP2_CSF1R_2.1,614,317,297,CSF1R
chr5,149452967,149453098,CHP2_CSF1R_1.1,1555,787,768,CSF1R
chr5,170837477,170837641,CHP2_NPM1_1.1,2624,1345,1279,NPM1
chr7,55211020,55211151,CHP2_EGFR_1.1,3092,1560,1532,EGFR
chr7,55221768,55221944,CHP2_EGFR_2.1,1918,969,949,EGFR
chr7,55232938,55233078,CHP2_EGFR_3.1,7440,3757,3683,EGFR
chr7,55241611,55241754,CHP2_EGFR_4.1,1362,693,669,EGFR
chr7,55242387,55242565,CHP2_EGFR_5.1,2324,1172,1152,EGFR
chr7,55248941,55249115,CHP2_EGFR_6.1,1579,802,777,EGFR
chr7,55249098,55249270,CHP2_EGFR_7.1,2466,1261,1205,EGFR
chr7,55259483,55259653,CHP2_EGFR_8.1,2559,1296,1263,EGFR
chr7,116339591,116339726,CHP2_MET_1.1,4488,2272,2216,MET
chr7,116340131,116340295,CHP2_MET_2.1,2694,1367,1327,MET
chr7,116403107,116403276,CHP2_MET_3.1,1963,993,970,MET
chr7,116411854,116412022,CHP2_MET_4.1,3438,1738,1700,MET
chr7,116417403,116417567,CHP2_MET_5.1,3266,1656,1610,MET
chr7,116423383,116423517,CHP2_MET_6.1,2726,1377,1349,MET
chr7,128845039,128845213,CHP2_SMO_1.1,2687,1365,1322,SMO
chr7,128845933,128846088,CHP2_SMO_2.1,1243,633,610,SMO
chr7,128846313,128846444,CHP2_SMO_3.1,1605,812,793,SMO
chr7,128850245,128850388,CHP2_SMO_4.1,1475,742,733,SMO
chr7,128851475,128851637,CHP2_SMO_5.1,1908,966,942,SMO
chr7,140453078,140453246,CHP2_BRAF_2.1,2866,1442,1424,BRAF
chr7,140481367,140481540,CHP2_BRAF_1.1,3353,1706,1647,BRAF
chr7,148508682,148508816,CHP2_EZH2_1.1,3499,1769,1730,EZH2
chr8,38282116,38282279,CHP2_FGFR1_2.1,1582,811,771,FGFR1
chr8,38285827,38286000,CHP2_FGFR1_1.1,757,380,377,FGFR1
chr9,5073705,5073882,CHP2_JAK2_1.1,1780,896,884,JAK2
chr9,21970916,21971091,CHP2_CDKN2A_2.1,595,319,276,CDKN2A
chr9,21971066,21971244,CHP2_CDKN2A_1.1,730,462,268,CDKN2A
chr9,80409351,80409523,CHP2_GNAQ_1.1,1869,947,922,GNAQ
chr9,133738270,133738403,CHP2_ABL1_1.1,5450,2761,2689,ABL1
chr9,133747418,133747555,CHP2_ABL1_2.1,3698,1866,1832,ABL1
chr9,133748255,133748442,CHP2_ABL1_3.1,1692,864,828,ABL1
chr9,133750283,133750430,CHP2_ABL1_4.1,1177,598,579,ABL1
chr9,139390740,139390910,CHP2_NOTCH1_3.1,617,325,292,NOTCH1
chr9,139397738,139397904,CHP2_NOTCH1_2.1,1871,954,917,NOTCH1
chr9,139399313,139399472,CHP2_NOTCH1_1.1,423,222,201,NOTCH1
chr10,43609042,43609207,CHP2_RET_1.1,1381,709,672,RET
chr10,43609850,43610035,CHP2_RET_2.1,560,290,270,RET
chr10,43613770,43613918,CHP2_RET_3.1,1727,877,850,RET
chr10,43615522,43615712,CHP2_RET_4.1,907,464,443,RET
chr10,43617290,43617458,CHP2_RET_5.1,1648,835,813,RET
chr10,89624183,89624325,CHP2_PTEN_1.1,1242,625,617,PTEN
chr10,89685234,89685399,CHP2_PTEN_2.1,3666,1861,1805,PTEN
chr10,89692789,89692945,CHP2_PTEN_3.1,1877,948,929,PTEN
chr10,89711780,89711957,CHP2_PTEN_4.1,1892,958,934,PTEN
chr10,89717479,89717645,CHP2_PTEN_5.1,2948,1481,1467,PTEN
chr10,89717642,89717805,CHP2_PTEN_6.1,2509,1264,1245,PTEN
chr10,89720671,89720772,CHP2_PTEN_7.1,7756,3898,3858,PTEN
chr10,89720760,89720925,CHP2_PTEN_8.1,3069,1548,1521,PTEN
chr10,123257928,123258070,CHP2_FGFR2_4.1,3064,1547,1517,FGFR2
chr10,123274697,123274860,CHP2_FGFR2_3.1,833,423,410,FGFR2
chr10,123279393,123279569,CHP2_FGFR2_2.1,2397,1211,1186,FGFR2
chr10,123279583,123279738,CHP2_FGFR2_1.1,1909,980,929,FGFR2
chr11,533788,533955,CHP2_HRAS_2.1,507,260,247,HRAS
chr11,534196,534333,CHP2_HRAS_1.1,560,286,274,HRAS
chr11,108117741,108117890,CHP2_ATM_1.1,2845,1438,1407,ATM
chr11,108119791,108119916,CHP2_ATM_2.1,5218,2645,2573,ATM
chr11,108123491,108123643,CHP2_ATM_3.1,4879,2449,2430,ATM
chr11,108137907,108138050,CHP2_ATM_4.1,2741,1380,1361,ATM
chr11,108155059,108155205,CHP2_ATM_5.1,2966,1502,1464,ATM
chr11,108170432,108170581,CHP2_ATM_6.1,2363,1193,1170,ATM
chr11,108172338,108172492,CHP2_ATM_7.1,4929,2502,2427,ATM
chr11,108173606,108173728,CHP2_ATM_8.1,6160,3102,3058,ATM
chr11,108180878,108180985,CHP2_ATM_9.1,2973,1494,1479,ATM
chr11,108200891,108201018,CHP2_ATM_10.1,3618,1825,1793,ATM
chr11,108204610,108204709,CHP2_ATM_11.1,6500,3295,3205,ATM
chr11,108205707,108205841,CHP2_ATM_12.1,5548,2784,2764,ATM
chr11,108206499,108206653,CHP2_ATM_13.1,3551,1796,1755,ATM
chr11,108217991,108218169,CHP2_ATM_14.1,2359,1188,1171,ATM
chr11,108225525,108225657,CHP2_ATM_15.1,3234,1632,1602,ATM
chr11,108236018,108236165,CHP2_ATM_16.1,2018,1019,999,ATM
chr11,108236162,108236310,CHP2_ATM_17.1,1163,587,576,ATM
chr12,25378525,25378683,CHP2_KRAS_3.1,2997,1506,1491,KRAS
chr12,25380236,25380389,CHP2_KRAS_2.1,2991,1513,1478,KRAS
chr12,25398162,25398329,CHP2_KRAS_1.1,2627,1330,1297,KRAS
chr12,112888094,112888253,CHP2_PTPN11_1.1,2794,1418,1376,PTPN11
chr12,112926811,112926986,CHP2_PTPN11_2.1,2516,1271,1245,PTPN11
chr12,121431347,121431484,CHP2_HNF1A_1.1,1653,837,816,HNF1A
chr12,121431986,121432124,CHP2_HNF1A_2.1,3098,1564,1534,HNF1A
chr13,28592555,28592688,CHP2_FLT3_4.1,4089,2078,2011,FLT3
chr13,28602251,28602404,CHP2_FLT3_3.1,4139,2091,2048,FLT3
chr13,28608203,28608373,CHP2_FLT3_2.1,3053,1550,1503,FLT3
chr13,28610069,28610209,CHP2_FLT3_1.1,5734,2912,2822,FLT3
chr13,48919199,48919337,CHP2_RB1_1.1,5248,2641,2607,RB1
chr13,48923115,48923280,CHP2_RB1_2.1,4061,2043,2018,RB1
chr13,48941577,48941749,CHP2_RB1_3.1,3762,1885,1877,RB1
chr13,48942573,48942736,CHP2_RB1_4.1,2464,1254,1210,RB1
chr13,48953729,48953899,CHP2_RB1_5.1,3100,1581,1519,RB1
chr13,48955501,48955630,CHP2_RB1_6.1,7412,3729,3683,RB1
chr13,49027081,49027203,CHP2_RB1_7.1,5403,2748,2655,RB1
chr13,49033803,49033959,CHP2_RB1_8.1,3487,1772,1715,RB1
chr13,49037822,49037957,CHP2_RB1_9.1,6293,3177,3116,RB1
chr13,49039125,49039257,CHP2_RB1_10.1,4688,2362,2326,RB1
chr14,105241409,105241544,CHP2_AKT1_2.1,2178,1099,1079,AKT1
chr14,105246421,105246608,CHP2_AKT1_1.1,949,481,468,AKT1
chr15,90631800,90631979,CHP2_IDH2_1.1,1670,849,821,IDH2
chr16,68835578,68835722,CHP2_CDH1_1.1,3708,1889,1819,CDH1
chr16,68846000,68846176,CHP2_CDH1_2.1,2455,1242,1213,CDH1
chr16,68847175,68847327,CHP2_CDH1_3.1,3955,1992,1963,CDH1
chr17,7573899,7574060,CHP2_TP53_8.1,1433,727,706,TP53
chr17,7576991,7577176,CHP2_TP53_7.1,1064,543,521,TP53
chr17,7577484,7577637,CHP2_TP53_6.1,2432,1230,1202,TP53
chr17,7578156,7578323,CHP2_TP53_5.1,1353,686,667,TP53
chr17,7578328,7578508,CHP2_TP53_4.1,1875,963,912,TP53
chr17,7578492,7578626,CHP2_TP53_3.1,1734,873,861,TP53
chr17,7579326,7579510,CHP2_TP53_2.1,827,446,381,TP53
chr17,7579829,7579985,CHP2_TP53_1.1,1935,980,955,TP53
chr17,37880188,37880365,CHP2_ERBB2_1.1,2840,1441,1399,ERBB2
chr17,37880929,37881086,CHP2_ERBB2_2.1,2075,1059,1016,ERBB2
chr17,37881300,37881478,CHP2_ERBB2_3.1,1558,854,704,ERBB2
chr18,48575075,48575238,CHP2_SMAD4_1.1,2340,1180,1160,SMAD4
chr18,48575532,48575702,CHP2_SMAD4_2.1,1377,695,682,SMAD4
chr18,48581166,48581327,CHP2_SMAD4_3.1,1339,676,663,SMAD4
chr18,48584527,48584703,CHP2_SMAD4_4.1,1755,883,872,SMAD4
chr18,48586227,48586386,CHP2_SMAD4_5.1,2100,1062,1038,SMAD4
chr18,48591790,48591956,CHP2_SMAD4_6.1,1986,1000,986,SMAD4
chr18,48593375,48593544,CHP2_SMAD4_7.1,1259,642,617,SMAD4
chr18,48603004,48603144,CHP2_SMAD4_8.1,3341,1718,1623,SMAD4
chr18,48604634,48604799,CHP2_SMAD4_9.1,1118,569,549,SMAD4
chr19,1206953,1207129,CHP2_STK11_1.1,1607,828,779,STK11
chr19,1220286,1220475,CHP2_STK11_2.1,318,163,155,STK11
chr19,1220456,1220628,CHP2_STK11_3.1,692,398,294,STK11
chr19,1221212,1221357,CHP2_STK11_4.1,1313,664,649,STK11
chr19,1222990,1223169,CHP2_STK11_5.1,1233,631,602,STK11
chr19,3118857,3118998,CHP2_GNA11_1.1,867,447,420,GNA11
chr19,17945592,17945759,CHP2_JAK3_3.1,1398,722,676,JAK3
chr19,17947962,17948099,CHP2_JAK3_2.1,1548,781,767,JAK3
chr19,17954110,17954250,CHP2_JAK3_1.1,1409,716,693,JAK3
chr20,36031642,36031794,CHP2_SRC_1.1,2775,1409,1366,SRC
chr20,57484372,57484529,CHP2_GNAS_1.1,1352,686,666,GNAS
chr20,57484538,57484697,CHP2_GNAS_2.1,3566,1806,1760,GNAS
chr22,24133929,24134089,CHP2_SMARCB1_1.1,1938,994,944,SMARCB1
chr22,24143176,24143336,CHP2_SMARCB1_2.1,470,241,229,SMARCB1
chr22,24145453,24145623,CHP2_SMARCB1_3.1,2567,1312,1255,SMARCB1
chr22,24176235,24176416,CHP2_SMARCB1_4.1,692,355,337,SMARCB1
